nsga3_improve_1:
  time: 3.4461188316345215
  igd: 0.053666014
nsga3_evox_1:
  time: 5.3535027503967285
  igd: 0.05344387
nsga3_improve_2:
  time: 56.706618785858154
  igd: 0.015178134
nsga3_evox_2:
  time: 246.5128710269928
  igd: 0.015155382